L=1;
R=1;
Jeq=1;
Beq=1;
N1=100;
N2=50;
Kb=1;
Kt=1;